1 -2.68389
2 -2.63781
3 -2.67736
4 -2.8685
5 -2.71856
6 -2.58963
7 -2.78383
8 -2.82953
9 -2.8014
10 -3.28675
11 -2.96857
12 -2.76847
13 -3.0533
14 -2.59295
15 -2.69296
16 -2.62296
17 -2.53169
18 -2.91359
19 -2.73161
20 -2.689
21 -2.70029
22 -2.71281
23 -2.6071
24 -3.00608
25 -2.74192
26 -2.60516
27 -2.744
28 -2.66457
29 -2.80459
30 -2.58279
31 -2.977
32 -2.88605
33 -2.88513
34 -2.54458
35 -2.75214
36 -2.95861
37 -2.53314
38 -2.96373
39 -2.92796
40 -2.53724
41 -2.58296
42 -2.82757
43 -2.46215
44 -2.49359
45 -2.68347
46 -2.66315
47 -2.60368
48 -2.6515
49 -2.54909
50 -2.47462
51 -2.60116
52 -2.4117
53 -2.6694
54 -2.54321
55 -2.58195
56 -2.81632
57 -2.9457
58 -2.47417
59 -2.63294
60 -2.72598
61 -2.58363
62 -2.74904
63 -2.71832
64 -2.77539
65 -2.54123
66 -2.49615
67 -2.91468
68 -2.71079
69 -2.70476
70 -2.97586
71 -2.499
72 -2.87025
73 -2.60695
74 -2.83521
75 -2.66129
76 -2.49671
77 -2.43273
78 -2.43158
79 -2.68412
80 -2.56148
81 -2.72634
82 -2.86019
83 -2.77076
84 -2.82397
85 -2.4641
86 -2.49279
87 -2.46427
88 -2.56568
89 -2.61183
90 -2.56393
91 -2.56393
